#	From	To	Loyalty	Duration	Distance	Waiting	Weighted Duration
0	51.577972 , 35.736444	51.538504 , 35.728747	0	405	5402	405	0
1	51.538504 , 35.728747	51.534651 , 35.739439	0	195	7681	600	0
2	51.534651 , 35.739439	51.538424 , 35.744476	1	121	8533	721	721
3	51.538424 , 35.744476	51.54195 , 35.746739	1	82	9117	803	1524
4	51.54195 , 35.746739	51.529733 , 35.742118	0	181	10695	984	1524
5	51.529733 , 35.742118	51.528211 , 35.73681	2	160	12128	1144	3812
6	51.528211 , 35.73681	51.524646 , 35.734191	4	155	13465	1299	9008
7	51.524646 , 35.734191	51.526628 , 35.726931	1	148	14912	1447	10455
8	51.526628 , 35.726931	51.527654 , 35.726754	3	13	15006	1460	14835
9	51.527654 , 35.726754	51.490513 , 35.714746	0	338	19127	1798	14835
10	51.490513 , 35.714746	51.480182 , 35.713094	0	118	20611	1916	14835
11	51.480182 , 35.713094	51.47939 , 35.717933	0	56	21341	1972	14835
12	51.47939 , 35.717933	51.456504 , 35.707471	0	342	25692	2314	14835
13	51.456504 , 35.707471	51.439367 , 35.72034	0	345	29395	2659	14835
14	51.439367 , 35.72034	51.437812 , 35.72162	0	34	29707	2693	14835
15	51.437812 , 35.72162	51.441678 , 35.718802	0	68	30592	2761	14835
16	51.441678 , 35.718802	51.450682 , 35.726601	2	129	32274	2890	20615
17	51.450682 , 35.726601	51.447995 , 35.743753	5	193	34764	3083	36030
18	51.447995 , 35.743753	51.450499 , 35.74713	4	98	35648	3181	48754
19	51.450499 , 35.74713	51.374575 , 35.76469	4	559	45406	3740	63714
20	51.374575 , 35.76469	51.357229 , 35.766735	5	214	48040	3954	83484
21	51.357229 , 35.766735	51.348787 , 35.768859	1	128	49408	4082	87566
22	51.348787 , 35.768859	51.349836 , 35.766543	6	70	49998	4152	112478
23	51.349836 , 35.766543	51.350603 , 35.767359	1	16	50156	4168	116646
24	51.350603 , 35.767359	51.344504 , 35.769788	0	131	51693	4299	116646
25	51.344504 , 35.769788	51.347676 , 35.77597	9	239	54955	4538	157488
26	51.347676 , 35.77597	51.350532 , 35.782852	4	160	56879	4698	176280
27	51.350532 , 35.782852	51.354626 , 35.780645	1	70	57382	4768	181048
28	51.354626 , 35.780645	51.357108 , 35.785532	3	117	58419	4885	195703
29	51.357108 , 35.785532	51.36277 , 35.789732	1	95	59242	4980	200683
30	51.36277 , 35.789732	51.373014 , 35.79074	2	188	61125	5168	211019
31	51.373014 , 35.79074	51.375689 , 35.784791	3	88	62036	5256	226787
32	51.375689 , 35.784791	51.373895 , 35.785227	6	51	62495	5307	258629
33	51.373895 , 35.785227	51.372198 , 35.784498	6	126	63809	5433	291227
34	51.372198 , 35.784498	51.383247 , 35.782728	2	140	65254	5573	302373
35	51.383247 , 35.782728	51.382184 , 35.781357	2	86	65904	5659	313691
36	51.382184 , 35.781357	51.385622 , 35.785371	4	83	66638	5742	336659
37	51.385622 , 35.785371	51.385364 , 35.789094	4	82	67329	5824	359955
38	51.385364 , 35.789094	51.384316 , 35.775888	5	230	69714	6054	390225
39	51.384316 , 35.775888	51.378243 , 35.781552	6	224	72181	6278	427893
40	51.378243 , 35.781552	51.372764 , 35.779221	3	187	73783	6465	447288
41	51.372764 , 35.779221	51.373749 , 35.779464	2	13	73876	6478	460244
42	51.373749 , 35.779464	51.370599 , 35.777695	0	104	74646	6582	460244
43	51.370599 , 35.777695	51.372829 , 35.768886	0	184	76513	6766	460244
44	51.372829 , 35.768886	51.392163 , 35.775089	0	264	80140	7030	460244
45	51.392163 , 35.775089	51.398027 , 35.744293	0	341	84950	7371	460244
46	51.398027 , 35.744293	51.403173 , 35.739582	0	260	87585	7631	460244
47	51.403173 , 35.739582	51.404093 , 35.730278	0	139	89115	7770	460244
48	51.404093 , 35.730278	51.399005 , 35.728778	0	93	89773	7863	460244
49	51.399005 , 35.728778	51.415238 , 35.732931	3	297	93002	8160	484724
50	51.415238 , 35.732931	51.40876 , 35.740709	1	212	95095	8372	493096
51	51.40876 , 35.740709	51.408392 , 35.742002	0	26	95280	8398	493096
52	51.408392 , 35.742002	51.409431 , 35.747322	1	53	95930	8451	501547
53	51.409431 , 35.747322	51.40945 , 35.75378	2	88	96870	8539	518625
54	51.40945 , 35.75378	51.414134 , 35.746897	1	177	98804	8716	527341
55	51.414134 , 35.746897	51.474214 , 35.755564	2	426	106288	9142	545625
56	51.474214 , 35.755564	51.577972 , 35.736444	0	813	120254	9955	545625
#	From	To	Loyalty	Duration	Distance	Waiting	Weighted Duration
0	51.577972 , 35.736444	51.513622 , 35.758351	0	448	7504	448	0
1	51.513622 , 35.758351	51.450135 , 35.758219	1	527	15340	975	975
2	51.450135 , 35.758219	51.45076 , 35.757628	3	91	16122	1066	4173
3	51.45076 , 35.757628	51.447418 , 35.758583	5	51	16770	1117	9758
4	51.447418 , 35.758583	51.442999 , 35.766001	3	75	17723	1192	13334
5	51.442999 , 35.766001	51.425174 , 35.766281	3	204	20179	1396	17522
6	51.425174 , 35.766281	51.430245 , 35.760251	0	266	22264	1662	17522
7	51.430245 , 35.760251	51.398038 , 35.758761	4	265	25904	1927	25230
8	51.398038 , 35.758761	51.39974 , 35.760902	4	181	27725	2108	33662
9	51.39974 , 35.760902	51.394006 , 35.760496	5	104	28655	2212	44722
10	51.394006 , 35.760496	51.403811 , 35.762564	0	211	30853	2423	44722
11	51.403811 , 35.762564	51.405376 , 35.760114	0	54	31373	2477	44722
12	51.405376 , 35.760114	51.412376 , 35.766304	1	159	33562	2636	47358
13	51.412376 , 35.766304	51.414404 , 35.774684	4	96	34782	2732	58286
14	51.414404 , 35.774684	51.417015 , 35.775168	4	81	35392	2813	69538
15	51.417015 , 35.775168	51.417823 , 35.773397	2	73	35903	2886	75310
16	51.417823 , 35.773397	51.420926 , 35.771056	3	73	36580	2959	84187
17	51.420926 , 35.771056	51.422689 , 35.771883	0	35	36882	2994	84187
18	51.422689 , 35.771883	51.423072 , 35.771889	0	4	36916	2998	84187
19	51.423072 , 35.771889	51.423168 , 35.774499	1	72	37552	3070	87257
20	51.423168 , 35.774499	51.423987 , 35.775379	1	58	38012	3128	90385
21	51.423987 , 35.775379	51.419433 , 35.786168	4	196	39829	3324	103681
22	51.419433 , 35.786168	51.41272 , 35.813175	2	398	43844	3722	111125
23	51.41272 , 35.813175	51.415138 , 35.797297	1	254	46484	3976	115101
24	51.415138 , 35.797297	51.419493 , 35.766656	2	288	51031	4264	123629
25	51.419493 , 35.766656	51.421751 , 35.768631	2	55	51631	4319	132267
26	51.421751 , 35.768631	51.427813 , 35.769572	4	107	52677	4426	149971
27	51.427813 , 35.769572	51.431846 , 35.767174	6	82	53270	4508	177019
28	51.431846 , 35.767174	51.429012 , 35.76153	4	98	54333	4606	195443
29	51.429012 , 35.76153	51.437678 , 35.761473	2	130	55242	4736	204915
30	51.437678 , 35.761473	51.446537 , 35.757803	0	159	56687	4895	204915
31	51.446537 , 35.757803	51.441275 , 35.75599	0	140	57997	5035	204915
32	51.441275 , 35.75599	51.437737 , 35.755575	3	57	58401	5092	220191
33	51.437737 , 35.755575	51.437255 , 35.757848	1	45	58728	5137	225328
34	51.437255 , 35.757848	51.448678 , 35.747329	0	233	60905	5370	225328
35	51.448678 , 35.747329	51.456882 , 35.745725	0	182	62384	5552	225328
36	51.456882 , 35.745725	51.465043 , 35.741534	0	159	63586	5711	225328
37	51.465043 , 35.741534	51.476116 , 35.747813	0	154	65417	5865	225328
38	51.476116 , 35.747813	51.577972 , 35.736444	0	863	79739	6728	225328
#	From	To	Loyalty	Duration	Distance	Waiting	Weighted Duration
0	51.577972 , 35.736444	51.476024 , 35.697234	1	848	12949	848	848
1	51.476024 , 35.697234	51.438101 , 35.689133	0	504	18247	1352	848
2	51.438101 , 35.689133	51.433813 , 35.706724	5	288	21876	1640	9048
3	51.433813 , 35.706724	51.430964 , 35.712937	1	110	23310	1750	10798
4	51.430964 , 35.712937	51.432626 , 35.72219	4	109	24647	1859	18234
5	51.432626 , 35.72219	51.426221 , 35.712934	0	134	26263	1993	18234
6	51.426221 , 35.712934	51.407231 , 35.711775	3	250	28828	2243	24963
7	51.407231 , 35.711775	51.404736 , 35.714996	0	83	29690	2326	24963
8	51.404736 , 35.714996	51.40217 , 35.712551	2	60	30248	2386	29735
9	51.40217 , 35.712551	51.372113 , 35.703323	0	313	34014	2699	29735
10	51.372113 , 35.703323	51.366826 , 35.705525	0	69	34764	2768	29735
11	51.366826 , 35.705525	51.360451 , 35.704243	0	89	35798	2857	29735
12	51.360451 , 35.704243	51.347695 , 35.706162	2	213	38491	3070	35875
13	51.347695 , 35.706162	51.350331 , 35.69806	0	249	41946	3319	35875
14	51.350331 , 35.69806	51.373822 , 35.695504	0	252	44514	3571	35875
15	51.373822 , 35.695504	51.406652 , 35.694509	0	352	48129	3923	35875
16	51.406652 , 35.694509	51.396231 , 35.677765	0	350	52065	4273	35875
17	51.396231 , 35.677765	51.368755 , 35.655159	1	385	56801	4658	40533
18	51.368755 , 35.655159	51.327848 , 35.673651	0	500	63431	5158	40533
19	51.327848 , 35.673651	51.13715 , 35.499216	3	1833	99237	6991	61506
20	51.13715 , 35.499216	51.239497 , 35.683948	4	1491	130807	8482	95434
21	51.239497 , 35.683948	51.1552198 , 35.75548434	0	891	146963	9373	95434
22	51.1552198 , 35.75548434	51.19847 , 35.745743	1	510	153715	9883	105317
23	51.19847 , 35.745743	51.307325 , 35.750992	0	624	165088	10507	105317
24	51.307325 , 35.750992	51.319205 , 35.755647	1	197	167632	10704	116021
25	51.319205 , 35.755647	51.32548 , 35.754124	1	101	168540	10805	126826
26	51.32548 , 35.754124	51.325556 , 35.753534	0	134	169902	10939	126826
27	51.325556 , 35.753534	51.293393 , 35.767507	1	355	175663	11294	138120
28	51.293393 , 35.767507	51.290025 , 35.762977	1	62	176486	11356	149476
29	51.290025 , 35.762977	51.286657 , 35.770467	1	164	178242	11520	160996
30	51.286657 , 35.770467	51.309695 , 35.768037	3	444	183926	11964	196888
31	51.309695 , 35.768037	51.310464 , 35.776412	1	145	185519	12109	208997
32	51.310464 , 35.776412	51.303349 , 35.77051	0	151	187197	12260	208997
33	51.303349 , 35.77051	51.325326 , 35.766994	1	254	190951	12514	221511
34	51.325326 , 35.766994	51.33158 , 35.779266	0	329	195253	12843	221511
35	51.33158 , 35.779266	51.330354 , 35.771714	3	153	196861	12996	260499
36	51.330354 , 35.771714	51.333944 , 35.772857	0	70	197570	13066	260499
37	51.333944 , 35.772857	51.334712 , 35.765356	1	118	199084	13184	273683
38	51.334712 , 35.765356	51.340934 , 35.760505	0	106	200483	13290	273683
39	51.340934 , 35.760505	51.336943 , 35.755356	0	90	201366	13380	273683
40	51.336943 , 35.755356	51.327858 , 35.73018	4	376	206490	13756	328707
41	51.327858 , 35.73018	51.321094 , 35.702889	0	505	212907	14261	328707
42	51.321094 , 35.702889	51.320835 , 35.702311	0	23	213071	14284	328707
43	51.320835 , 35.702311	51.304457 , 35.705402	0	420	217221	14704	328707
44	51.304457 , 35.705402	51.306979 , 35.707533	2	74	217874	14778	358263
45	51.306979 , 35.707533	51.306981 , 35.705829	0	27	218062	14805	358263
46	51.306981 , 35.705829	51.322372 , 35.711966	0	410	223921	15215	358263
47	51.322372 , 35.711966	51.345491 , 35.719055	3	365	228887	15580	405003
48	51.345491 , 35.719055	51.35682 , 35.732035	3	196	231204	15776	452331
49	51.35682 , 35.732035	51.36373 , 35.73619	2	154	233041	15930	484191
50	51.36373 , 35.73619	51.378564 , 35.7334	1	344	237492	16274	500465
51	51.378564 , 35.7334	51.430035 , 35.734472	2	439	244452	16713	533891
52	51.430035 , 35.734472	51.44712 , 35.740996	0	158	246487	16871	533891
53	51.44712 , 35.740996	51.451296 , 35.738011	1	107	247405	16978	550869
54	51.451296 , 35.738011	51.487524 , 35.736412	0	253	251326	17231	550869
55	51.487524 , 35.736412	51.50151 , 35.728842	0	142	253369	17373	550869
56	51.50151 , 35.728842	51.533159 , 35.731544	4	388	258724	17761	621913
57	51.533159 , 35.731544	51.539246 , 35.733238	2	120	259802	17881	657675
58	51.539246 , 35.733238	51.577972 , 35.736444	0	551	268376	18432	657675
#	From	To	Loyalty	Duration	Distance	Waiting	Weighted Duration
0	51.577972 , 35.736444	51.546016 , 35.757476	0	440	5197	440	0
1	51.546016 , 35.757476	51.535408 , 35.755464	0	173	6853	613	0
2	51.535408 , 35.755464	51.471495 , 35.768366	3	537	15866	1150	3450
3	51.471495 , 35.768366	51.468112 , 35.770529	1	71	16533	1221	4671
4	51.468112 , 35.770529	51.469338 , 35.786755	4	228	19054	1449	10467
5	51.469338 , 35.786755	51.478702 , 35.798676	2	206	21032	1655	13777
6	51.478702 , 35.798676	51.480682 , 35.809168	4	162	22888	1817	21045
7	51.480682 , 35.809168	51.489797 , 35.813643	1	183	24861	2000	23045
8	51.489797 , 35.813643	51.510871 , 35.810049	3	481	28891	2481	30488
9	51.510871 , 35.810049	51.510908 , 35.808094	2	45	29210	2526	35540
10	51.510908 , 35.808094	51.505124 , 35.790406	1	338	32611	2864	38404
11	51.505124 , 35.790406	51.502864 , 35.794437	0	128	33885	2992	38404
12	51.502864 , 35.794437	51.489069 , 35.793069	0	200	35875	3192	38404
13	51.489069 , 35.793069	51.484051 , 35.793955	1	81	36702	3273	41677
14	51.484051 , 35.793955	51.478003 , 35.803628	5	169	38925	3442	58887
15	51.478003 , 35.803628	51.474312 , 35.803187	1	75	39660	3517	62404
16	51.474312 , 35.803187	51.47027 , 35.803724	5	157	41011	3674	80774
17	51.47027 , 35.803724	51.459874 , 35.80308	3	129	42451	3803	92183
18	51.459874 , 35.80308	51.451557 , 35.801258	1	106	43579	3909	96092
19	51.451557 , 35.801258	51.448825 , 35.802199	4	35	43931	3944	111868
20	51.448825 , 35.802199	51.43528 , 35.800332	3	126	45574	4070	124078
21	51.43528 , 35.800332	51.432062 , 35.80932	3	150	47181	4220	136738
22	51.432062 , 35.80932	51.439331 , 35.807402	1	106	48418	4326	141064
23	51.439331 , 35.807402	51.463078 , 35.81611	2	270	51701	4596	150256
24	51.463078 , 35.81611	51.454606 , 35.812902	0	190	53445	4786	150256
25	51.454606 , 35.812902	51.453581 , 35.805576	2	172	54881	4958	160172
26	51.453581 , 35.805576	51.465878 , 35.793794	5	231	57153	5189	186117
27	51.465878 , 35.793794	51.469084 , 35.795207	0	72	57662	5261	186117
28	51.469084 , 35.795207	51.461585 , 35.782035	0	296	59882	5557	186117
29	51.461585 , 35.782035	51.459396 , 35.782627	2	62	60539	5619	197355
30	51.459396 , 35.782627	51.455916 , 35.781226	1	34	60971	5653	203008
31	51.455916 , 35.781226	51.457215 , 35.785367	4	74	61490	5727	225916
32	51.457215 , 35.785367	51.453165 , 35.785302	4	96	62298	5823	249208
33	51.453165 , 35.785302	51.45526 , 35.788977	1	103	63428	5926	255134
34	51.45526 , 35.788977	51.462981 , 35.792415	5	108	64564	6034	285304
35	51.462981 , 35.792415	51.463377 , 35.791701	1	11	64659	6045	291349
36	51.463377 , 35.791701	51.455169 , 35.794319	4	174	66434	6219	316225
37	51.455169 , 35.794319	51.445638 , 35.793066	0	170	68052	6389	316225
38	51.445638 , 35.793066	51.454143 , 35.792018	4	119	69186	6508	342257
39	51.454143 , 35.792018	51.453801 , 35.791717	0	37	69445	6545	342257
40	51.453801 , 35.791717	51.449505 , 35.789245	7	94	70115	6639	388730
41	51.449505 , 35.789245	51.444298 , 35.788061	4	145	71786	6784	415866
42	51.444298 , 35.788061	51.439515 , 35.789617	3	68	72435	6852	436422
43	51.439515 , 35.789617	51.433712 , 35.788084	1	268	74630	7120	443542
44	51.433712 , 35.788084	51.433537 , 35.790714	2	43	74951	7163	457868
45	51.433537 , 35.790714	51.432102 , 35.788606	1	38	75231	7201	465069
46	51.432102 , 35.788606	51.444332 , 35.776952	5	294	78144	7495	502544
47	51.444332 , 35.776952	51.449968 , 35.77712	0	176	79945	7671	502544
48	51.449968 , 35.77712	51.448533 , 35.778263	2	57	80471	7728	518000
49	51.448533 , 35.778263	51.457272 , 35.775219	5	190	82248	7918	557590
50	51.457272 , 35.775219	51.463261 , 35.767745	2	269	84469	8187	573964
51	51.463261 , 35.767745	51.462493 , 35.766167	2	58	84959	8245	590454
52	51.462493 , 35.766167	51.466913 , 35.753395	2	186	87109	8431	607316
53	51.466913 , 35.753395	51.469382 , 35.761095	6	83	88120	8514	658400
54	51.469382 , 35.761095	51.47061 , 35.762892	5	74	88643	8588	701340
55	51.47061 , 35.762892	51.48055 , 35.768401	1	176	90237	8764	710104
56	51.48055 , 35.768401	51.48105 , 35.761324	0	95	91331	8859	710104
57	51.48105 , 35.761324	51.480214 , 35.757241	0	72	92123	8931	710104
58	51.480214 , 35.757241	51.577972 , 35.736444	0	779	105323	9710	710104