#	From	To	Loyalty	Duration	Distance	Waiting	Weighted Duration
0	51.577972 , 35.736444	51.469382 , 35.761095	3	754	12030	754	2262
1	51.469382 , 35.761095	51.47061 , 35.762892	1	74	12553	828	3090
2	51.47061 , 35.762892	51.471495 , 35.768366	4	136	13821	964	6946
3	51.471495 , 35.768366	51.468112 , 35.770529	0	71	14488	1035	6946
4	51.468112 , 35.770529	51.461585 , 35.782035	3	266	16977	1301	10849
5	51.461585 , 35.782035	51.459396 , 35.782627	2	62	17634	1363	13575
6	51.459396 , 35.782627	51.455916 , 35.781226	3	34	18066	1397	17766
7	51.455916 , 35.781226	51.457215 , 35.785367	3	74	18585	1471	22179
8	51.457215 , 35.785367	51.45526 , 35.788977	5	97	19342	1568	30019
9	51.45526 , 35.788977	51.453165 , 35.785302	1	93	20020	1661	31680
10	51.453165 , 35.785302	51.457272 , 35.775219	2	187	21830	1848	35376
11	51.457272 , 35.775219	51.449968 , 35.77712	3	146	22934	1994	41358
12	51.449968 , 35.77712	51.448533 , 35.778263	2	57	23460	2051	45460
13	51.448533 , 35.778263	51.444332 , 35.776952	7	109	24647	2160	60580
14	51.444332 , 35.776952	51.445638 , 35.793066	4	262	27453	2422	70268
15	51.445638 , 35.793066	51.454143 , 35.792018	0	119	28587	2541	70268
16	51.454143 , 35.792018	51.453801 , 35.791717	1	37	28846	2578	72846
17	51.453801 , 35.791717	51.449505 , 35.789245	5	94	29516	2672	86206
18	51.449505 , 35.789245	51.444298 , 35.788061	6	145	31187	2817	103108
19	51.444298 , 35.788061	51.439515 , 35.789617	3	68	31836	2885	111763
20	51.439515 , 35.789617	51.433712 , 35.788084	1	268	34031	3153	114916
21	51.433712 , 35.788084	51.433537 , 35.790714	3	43	34352	3196	124504
22	51.433537 , 35.790714	51.432102 , 35.788606	5	38	34632	3234	140674
23	51.432102 , 35.788606	51.419493 , 35.766656	4	291	38233	3525	154774
24	51.419493 , 35.766656	51.412376 , 35.766304	1	61	38996	3586	158360
25	51.412376 , 35.766304	51.414404 , 35.774684	7	96	40216	3682	184134
26	51.414404 , 35.774684	51.417015 , 35.775168	5	81	40826	3763	202949
27	51.417015 , 35.775168	51.417823 , 35.773397	4	73	41337	3836	218293
28	51.417823 , 35.773397	51.421751 , 35.768631	4	152	42936	3988	234245
29	51.421751 , 35.768631	51.420926 , 35.771056	0	49	43406	4037	234245
30	51.420926 , 35.771056	51.422689 , 35.771883	3	35	43708	4072	246461
31	51.422689 , 35.771883	51.423072 , 35.771889	2	4	43742	4076	254613
32	51.423072 , 35.771889	51.423168 , 35.774499	4	72	44378	4148	271205
33	51.423168 , 35.774499	51.423987 , 35.775379	2	58	44838	4206	279617
34	51.423987 , 35.775379	51.419433 , 35.786168	3	196	46655	4402	292823
35	51.419433 , 35.786168	51.462981 , 35.792415	1	414	53319	4816	297639
36	51.462981 , 35.792415	51.463377 , 35.791701	4	11	53414	4827	316947
37	51.463377 , 35.791701	51.455169 , 35.794319	2	174	55189	5001	326949
38	51.455169 , 35.794319	51.465878 , 35.793794	4	195	56661	5196	347733
39	51.465878 , 35.793794	51.469338 , 35.786755	0	163	57849	5359	347733
40	51.469338 , 35.786755	51.577972 , 35.736444	0	1036	75586	6395	347733
#	From	To	Loyalty	Duration	Distance	Waiting	Weighted Duration
0	51.577972 , 35.736444	51.462493 , 35.766167	0	805	14095	805	0
1	51.462493 , 35.766167	51.463261 , 35.767745	1	64	14623	869	869
2	51.463261 , 35.767745	51.450135 , 35.758219	1	207	16974	1076	1945
3	51.450135 , 35.758219	51.45076 , 35.757628	0	91	17756	1167	1945
4	51.45076 , 35.757628	51.447418 , 35.758583	5	51	18404	1218	8035
5	51.447418 , 35.758583	51.446537 , 35.757803	6	92	19482	1310	15895
6	51.446537 , 35.757803	51.437255 , 35.757848	2	213	21313	1523	18941
7	51.437255 , 35.757848	51.442999 , 35.766001	5	170	23013	1693	27406
8	51.442999 , 35.766001	51.437678 , 35.761473	0	168	24733	1861	27406
9	51.437678 , 35.761473	51.425174 , 35.766281	5	217	26883	2078	37796
10	51.425174 , 35.766281	51.427813 , 35.769572	0	80	27489	2158	37796
11	51.427813 , 35.769572	51.431846 , 35.767174	3	82	28082	2240	44516
12	51.431846 , 35.767174	51.429012 , 35.76153	5	98	29145	2338	56206
13	51.429012 , 35.76153	51.430245 , 35.760251	1	284	31179	2622	58828
14	51.430245 , 35.760251	51.398038 , 35.758761	2	265	34819	2887	64602
15	51.398038 , 35.758761	51.39974 , 35.760902	2	181	36640	3068	70738
16	51.39974 , 35.760902	51.394006 , 35.760496	3	104	37570	3172	80254
17	51.394006 , 35.760496	51.372764 , 35.779221	4	473	44082	3645	94834
18	51.372764 , 35.779221	51.373749 , 35.779464	6	13	44175	3658	116782
19	51.373749 , 35.779464	51.372198 , 35.784498	4	241	46569	3899	132378
20	51.372198 , 35.784498	51.373895 , 35.785227	5	44	47017	3943	152093
21	51.373895 , 35.785227	51.373014 , 35.79074	2	82	48072	4025	160143
22	51.373014 , 35.79074	51.375689 , 35.784791	3	88	48983	4113	172482
23	51.375689 , 35.784791	51.383247 , 35.782728	1	149	50439	4262	176744
24	51.383247 , 35.782728	51.378243 , 35.781552	1	166	51689	4428	181172
25	51.378243 , 35.781552	51.382184 , 35.781357	0	58	52140	4486	181172
26	51.382184 , 35.781357	51.385622 , 35.785371	0	83	52874	4569	181172
27	51.385622 , 35.785371	51.385364 , 35.789094	3	82	53565	4651	195125
28	51.385364 , 35.789094	51.384316 , 35.775888	5	230	55950	4881	219530
29	51.384316 , 35.775888	51.374575 , 35.76469	1	210	58459	5091	224621
30	51.374575 , 35.76469	51.372829 , 35.768886	4	203	60927	5294	245797
31	51.372829 , 35.768886	51.392163 , 35.775089	0	264	64554	5558	245797
32	51.392163 , 35.775089	51.403811 , 35.762564	0	201	66752	5759	245797
33	51.403811 , 35.762564	51.405376 , 35.760114	4	54	67272	5813	269049
34	51.405376 , 35.760114	51.577972 , 35.736444	0	1198	89268	7011	269049