#	From	To	Loyalty	Duration	Distance	Waiting	Weighted Duration
0	51.577972 , 35.736444	51.348787 , 35.768859	1	1328	25366	1328	1328
1	51.348787 , 35.768859	51.349836 , 35.766543	6	70	25956	1398	9716
2	51.349836 , 35.766543	51.350603 , 35.767359	1	16	26114	1414	11130
3	51.350603 , 35.767359	51.357229 , 35.766735	5	62	26878	1476	18510
4	51.357229 , 35.766735	51.347676 , 35.77597	9	174	29168	1650	33360
5	51.347676 , 35.77597	51.350532 , 35.782852	4	160	31092	1810	40600
6	51.350532 , 35.782852	51.354626 , 35.780645	1	70	31595	1880	42480
7	51.354626 , 35.780645	51.357108 , 35.785532	3	117	32632	1997	48471
8	51.357108 , 35.785532	51.36277 , 35.789732	1	95	33455	2092	50563
9	51.36277 , 35.789732	51.372764 , 35.779221	3	213	35975	2305	57478
10	51.372764 , 35.779221	51.373749 , 35.779464	2	13	36068	2318	62114
11	51.373749 , 35.779464	51.370599 , 35.777695	0	104	36838	2422	62114
12	51.370599 , 35.777695	51.372829 , 35.768886	0	184	38705	2606	62114
13	51.372829 , 35.768886	51.378243 , 35.781552	6	199	40912	2805	78944
14	51.378243 , 35.781552	51.385622 , 35.785371	4	103	42003	2908	90576
15	51.385622 , 35.785371	51.385364 , 35.789094	4	82	42694	2990	102536
16	51.385364 , 35.789094	51.375689 , 35.784791	3	205	44429	3195	112121
17	51.375689 , 35.784791	51.373895 , 35.785227	6	51	44888	3246	131597
18	51.373895 , 35.785227	51.372198 , 35.784498	6	126	46202	3372	151829
19	51.372198 , 35.784498	51.383247 , 35.782728	2	140	47647	3512	158853
20	51.383247 , 35.782728	51.382184 , 35.781357	2	86	48297	3598	166049
21	51.382184 , 35.781357	51.384316 , 35.775888	5	93	49245	3691	184504
22	51.384316 , 35.775888	51.392163 , 35.775089	0	289	53132	3980	184504
23	51.392163 , 35.775089	51.577972 , 35.736444	0	1332	76884	5312	184504
#	From	To	Loyalty	Duration	Distance	Waiting	Weighted Duration
0	51.577972 , 35.736444	51.442999 , 35.766001	3	889	14992	889	2667
1	51.442999 , 35.766001	51.444332 , 35.776952	5	164	16976	1053	7932
2	51.444332 , 35.776952	51.457272 , 35.775219	5	214	19112	1267	14267
3	51.457272 , 35.775219	51.449968 , 35.77712	0	146	20216	1413	14267
4	51.449968 , 35.77712	51.448533 , 35.778263	2	57	20742	1470	17207
5	51.448533 , 35.778263	51.453165 , 35.785302	4	134	22245	1604	23623
6	51.453165 , 35.785302	51.457215 , 35.785367	4	97	23249	1701	30427
7	51.457215 , 35.785367	51.459396 , 35.782627	2	53	23740	1754	33935
8	51.459396 , 35.782627	51.455916 , 35.781226	1	34	24172	1788	35723
9	51.455916 , 35.781226	51.45526 , 35.788977	1	132	25198	1920	37643
10	51.45526 , 35.788977	51.449505 , 35.789245	7	226	27864	2146	52665
11	51.449505 , 35.789245	51.444298 , 35.788061	4	145	29535	2291	61829
12	51.444298 , 35.788061	51.439515 , 35.789617	3	68	30184	2359	68906
13	51.439515 , 35.789617	51.433712 , 35.788084	1	268	32379	2627	71533
14	51.433712 , 35.788084	51.432102 , 35.788606	1	82	32980	2709	74242
15	51.432102 , 35.788606	51.412376 , 35.766304	1	352	37344	3061	77303
16	51.412376 , 35.766304	51.419493 , 35.766656	2	95	38199	3156	83615
17	51.419493 , 35.766656	51.421751 , 35.768631	2	55	38799	3211	90037
18	51.421751 , 35.768631	51.420926 , 35.771056	3	49	39269	3260	99817
19	51.420926 , 35.771056	51.422689 , 35.771883	0	35	39571	3295	99817
20	51.422689 , 35.771883	51.423072 , 35.771889	0	4	39605	3299	99817
21	51.423072 , 35.771889	51.423168 , 35.774499	1	72	40241	3371	103188
22	51.423168 , 35.774499	51.423987 , 35.775379	1	58	40701	3429	106617
23	51.423987 , 35.775379	51.419433 , 35.786168	4	196	42518	3625	121117
24	51.419433 , 35.786168	51.417015 , 35.775168	4	265	44796	3890	136677
25	51.417015 , 35.775168	51.414404 , 35.774684	4	119	45774	4009	152713
26	51.414404 , 35.774684	51.417823 , 35.773397	2	54	46201	4063	160839
27	51.417823 , 35.773397	51.427813 , 35.769572	4	132	47454	4195	177619
28	51.427813 , 35.769572	51.431846 , 35.767174	6	82	48047	4277	203281
29	51.431846 , 35.767174	51.425174 , 35.766281	3	106	49118	4383	216430
30	51.425174 , 35.766281	51.577972 , 35.736444	0	1299	72412	5682	216430