#	From	To	Loyalty	Duration	Distance	Waiting	Weighted Duration
0	51.577972 , 35.736444	51.538504 , 35.728747	0	405	5402	405	0
1	51.538504 , 35.728747	51.539246 , 35.733238	2	77	6135	482	964
2	51.539246 , 35.733238	51.533159 , 35.731544	4	169	7624	651	3568
3	51.533159 , 35.731544	51.524646 , 35.734191	4	147	9084	798	6760
4	51.524646 , 35.734191	51.526628 , 35.726931	1	148	10531	946	7706
5	51.526628 , 35.726931	51.527654 , 35.726754	3	13	10625	959	10583
6	51.527654 , 35.726754	51.534651 , 35.739439	0	199	12875	1158	10583
7	51.534651 , 35.739439	51.538424 , 35.744476	1	121	13727	1279	11862
8	51.538424 , 35.744476	51.54195 , 35.746739	1	82	14311	1361	13223
9	51.54195 , 35.746739	51.546016 , 35.757476	0	170	16244	1531	13223
10	51.546016 , 35.757476	51.535408 , 35.755464	0	173	17900	1704	13223
11	51.535408 , 35.755464	51.513622 , 35.758351	0	250	21227	1954	13223
12	51.513622 , 35.758351	51.505124 , 35.790406	1	425	26113	2379	15602
13	51.505124 , 35.790406	51.502864 , 35.794437	0	128	27387	2507	15602
14	51.502864 , 35.794437	51.489069 , 35.793069	0	200	29377	2707	15602
15	51.489069 , 35.793069	51.484051 , 35.793955	1	81	30204	2788	18390
16	51.484051 , 35.793955	51.478003 , 35.803628	5	169	32427	2957	33175
17	51.478003 , 35.803628	51.474312 , 35.803187	1	75	33162	3032	36207
18	51.474312 , 35.803187	51.47027 , 35.803724	5	157	34513	3189	52152
19	51.47027 , 35.803724	51.459874 , 35.80308	3	129	35953	3318	62106
20	51.459874 , 35.80308	51.463078 , 35.81611	2	164	38109	3482	69070
21	51.463078 , 35.81611	51.454606 , 35.812902	0	190	39853	3672	69070
22	51.454606 , 35.812902	51.453581 , 35.805576	2	172	41289	3844	76758
23	51.453581 , 35.805576	51.451557 , 35.801258	1	86	41922	3930	80688
24	51.451557 , 35.801258	51.448825 , 35.802199	4	35	42274	3965	96548
25	51.448825 , 35.802199	51.455169 , 35.794319	4	222	44178	4187	113296
26	51.455169 , 35.794319	51.454143 , 35.792018	4	136	45672	4323	130588
27	51.454143 , 35.792018	51.453801 , 35.791717	0	37	45931	4360	130588
28	51.453801 , 35.791717	51.445638 , 35.793066	0	162	47083	4522	130588
29	51.445638 , 35.793066	51.433537 , 35.790714	2	277	49854	4799	140186
30	51.433537 , 35.790714	51.43528 , 35.800332	3	220	51975	5019	155243
31	51.43528 , 35.800332	51.432062 , 35.80932	3	150	53582	5169	170750
32	51.432062 , 35.80932	51.439331 , 35.807402	1	106	54819	5275	176025
33	51.439331 , 35.807402	51.41272 , 35.813175	2	342	58222	5617	187259
34	51.41272 , 35.813175	51.415138 , 35.797297	1	254	60862	5871	193130
35	51.415138 , 35.797297	51.430245 , 35.760251	0	435	67025	6306	193130
36	51.430245 , 35.760251	51.441275 , 35.75599	0	218	68551	6524	193130
37	51.441275 , 35.75599	51.437737 , 35.755575	3	57	68955	6581	212873
38	51.437737 , 35.755575	51.437255 , 35.757848	1	45	69282	6626	219499
39	51.437255 , 35.757848	51.446537 , 35.757803	0	145	70533	6771	219499
40	51.446537 , 35.757803	51.447995 , 35.743753	5	215	72864	6986	254429
41	51.447995 , 35.743753	51.448678 , 35.747329	0	75	73598	7061	254429
42	51.448678 , 35.747329	51.450499 , 35.74713	4	87	74283	7148	283021
43	51.450499 , 35.74713	51.456882 , 35.745725	0	175	75667	7323	283021
44	51.456882 , 35.745725	51.465043 , 35.741534	0	159	76869	7482	283021
45	51.465043 , 35.741534	51.476116 , 35.747813	0	154	78700	7636	283021
46	51.476116 , 35.747813	51.466913 , 35.753395	2	156	80341	7792	298605
47	51.466913 , 35.753395	51.469382 , 35.761095	6	83	81352	7875	345855
48	51.469382 , 35.761095	51.47061 , 35.762892	5	74	81875	7949	385600
49	51.47061 , 35.762892	51.474214 , 35.755564	2	127	83130	8076	401752
50	51.474214 , 35.755564	51.480214 , 35.757241	0	85	83996	8161	401752
51	51.480214 , 35.757241	51.48105 , 35.761324	0	130	85225	8291	401752
52	51.48105 , 35.761324	51.48055 , 35.768401	1	115	86523	8406	410158
53	51.48055 , 35.768401	51.471495 , 35.768366	3	123	87884	8529	435745
54	51.471495 , 35.768366	51.468112 , 35.770529	1	71	88551	8600	444345
55	51.468112 , 35.770529	51.462493 , 35.766167	2	119	89698	8719	461783
56	51.462493 , 35.766167	51.463261 , 35.767745	2	64	90226	8783	479349
57	51.463261 , 35.767745	51.450135 , 35.758219	1	207	92577	8990	488339
58	51.450135 , 35.758219	51.45076 , 35.757628	3	91	93359	9081	515582
59	51.45076 , 35.757628	51.447418 , 35.758583	5	51	94007	9132	561242
60	51.447418 , 35.758583	51.429012 , 35.76153	4	222	96764	9354	598658
61	51.429012 , 35.76153	51.437678 , 35.761473	2	130	97673	9484	617626
62	51.437678 , 35.761473	51.461585 , 35.782035	0	480	102863	9964	617626
63	51.461585 , 35.782035	51.462981 , 35.792415	5	142	104618	10106	668156
64	51.462981 , 35.792415	51.463377 , 35.791701	1	11	104713	10117	678273
65	51.463377 , 35.791701	51.469338 , 35.786755	4	107	105496	10224	719169
66	51.469338 , 35.786755	51.465878 , 35.793794	5	237	107285	10461	771474
67	51.465878 , 35.793794	51.469084 , 35.795207	0	72	107794	10533	771474
68	51.469084 , 35.795207	51.478702 , 35.798676	2	186	109302	10719	792912
69	51.478702 , 35.798676	51.480682 , 35.809168	4	162	111158	10881	836436
70	51.480682 , 35.809168	51.489797 , 35.813643	1	183	113131	11064	847500
71	51.489797 , 35.813643	51.510871 , 35.810049	3	481	117161	11545	882135
72	51.510871 , 35.810049	51.510908 , 35.808094	2	45	117480	11590	905315
73	51.510908 , 35.808094	51.577972 , 35.736444	0	1116	136741	12706	905315
#	From	To	Loyalty	Duration	Distance	Waiting	Weighted Duration
0	51.577972 , 35.736444	51.529733 , 35.742118	0	542	6365	542	0
1	51.529733 , 35.742118	51.528211 , 35.73681	2	160	7798	702	1404
2	51.528211 , 35.73681	51.430035 , 35.734472	2	677	18754	1379	4162
3	51.430035 , 35.734472	51.432626 , 35.72219	4	184	20968	1563	10414
4	51.432626 , 35.72219	51.426221 , 35.712934	0	134	22584	1697	10414
5	51.426221 , 35.712934	51.407231 , 35.711775	3	250	25149	1947	16255
6	51.407231 , 35.711775	51.40217 , 35.712551	2	69	25809	2016	20287
7	51.40217 , 35.712551	51.404736 , 35.714996	0	123	26709	2139	20287
8	51.404736 , 35.714996	51.404093 , 35.730278	0	210	29056	2349	20287
9	51.404093 , 35.730278	51.399005 , 35.728778	0	93	29714	2442	20287
10	51.399005 , 35.728778	51.403173 , 35.739582	0	180	31716	2622	20287
11	51.403173 , 35.739582	51.398027 , 35.744293	0	235	35021	2857	20287
12	51.398027 , 35.744293	51.378564 , 35.7334	1	436	40943	3293	23580
13	51.378564 , 35.7334	51.36373 , 35.73619	2	258	44408	3551	30682
14	51.36373 , 35.73619	51.35682 , 35.732035	3	132	45919	3683	41731
15	51.35682 , 35.732035	51.345491 , 35.719055	3	245	48819	3928	53515
16	51.345491 , 35.719055	51.350331 , 35.69806	0	363	54144	4291	53515
17	51.350331 , 35.69806	51.373822 , 35.695504	0	252	56712	4543	53515
18	51.373822 , 35.695504	51.372113 , 35.703323	0	122	58032	4665	53515
19	51.372113 , 35.703323	51.366826 , 35.705525	0	69	58782	4734	53515
20	51.366826 , 35.705525	51.360451 , 35.704243	0	89	59816	4823	53515
21	51.360451 , 35.704243	51.347695 , 35.706162	2	213	62509	5036	63587
22	51.347695 , 35.706162	51.321094 , 35.702889	0	342	66582	5378	63587
23	51.321094 , 35.702889	51.320835 , 35.702311	0	23	66746	5401	63587
24	51.320835 , 35.702311	51.304457 , 35.705402	0	420	70896	5821	63587
25	51.304457 , 35.705402	51.306979 , 35.707533	2	74	71549	5895	75377
26	51.306979 , 35.707533	51.306981 , 35.705829	0	27	71737	5922	75377
27	51.306981 , 35.705829	51.322372 , 35.711966	0	410	77596	6332	75377
28	51.322372 , 35.711966	51.327858 , 35.73018	4	380	82754	6712	102225
29	51.327858 , 35.73018	51.336943 , 35.755356	0	335	87451	7047	102225
30	51.336943 , 35.755356	51.340934 , 35.760505	0	98	88526	7145	102225
31	51.340934 , 35.760505	51.33158 , 35.779266	0	218	91770	7363	102225
32	51.33158 , 35.779266	51.333944 , 35.772857	0	108	92983	7471	102225
33	51.333944 , 35.772857	51.330354 , 35.771714	3	70	93692	7541	124848
34	51.330354 , 35.771714	51.309695 , 35.768037	3	212	96181	7753	148107
35	51.309695 , 35.768037	51.310464 , 35.776412	1	145	97774	7898	156005
36	51.310464 , 35.776412	51.303349 , 35.77051	0	151	99452	8049	156005
37	51.303349 , 35.77051	51.293393 , 35.767507	1	168	101757	8217	164222
38	51.293393 , 35.767507	51.290025 , 35.762977	1	62	102580	8279	172501
39	51.290025 , 35.762977	51.286657 , 35.770467	1	164	104336	8443	180944
40	51.286657 , 35.770467	51.307325 , 35.750992	0	543	111427	8986	180944
41	51.307325 , 35.750992	51.414134 , 35.746897	1	559	121981	9545	190489
42	51.414134 , 35.746897	51.415238 , 35.732931	3	184	124218	9729	219676
43	51.415238 , 35.732931	51.40876 , 35.740709	1	212	126311	9941	229617
44	51.40876 , 35.740709	51.408392 , 35.742002	0	26	126496	9967	229617
45	51.408392 , 35.742002	51.409431 , 35.747322	1	53	127146	10020	239637
46	51.409431 , 35.747322	51.40945 , 35.75378	2	88	128086	10108	259853
47	51.40945 , 35.75378	51.398038 , 35.758761	4	164	129759	10272	300941
48	51.398038 , 35.758761	51.403811 , 35.762564	0	144	131442	10416	300941
49	51.403811 , 35.762564	51.405376 , 35.760114	0	54	131962	10470	300941
50	51.405376 , 35.760114	51.39974 , 35.760902	4	192	134158	10662	343589
51	51.39974 , 35.760902	51.394006 , 35.760496	5	104	135088	10766	397419
52	51.394006 , 35.760496	51.373014 , 35.79074	2	519	141444	11285	419989
53	51.373014 , 35.79074	51.374575 , 35.76469	4	365	145629	11650	466589
54	51.374575 , 35.76469	51.344504 , 35.769788	0	332	149885	11982	466589
55	51.344504 , 35.769788	51.334712 , 35.765356	1	388	155928	12370	478959
56	51.334712 , 35.765356	51.325326 , 35.766994	1	174	157917	12544	491503
57	51.325326 , 35.766994	51.319205 , 35.755647	1	189	160115	12733	504236
58	51.319205 , 35.755647	51.32548 , 35.754124	1	101	161023	12834	517070
59	51.32548 , 35.754124	51.325556 , 35.753534	0	134	162385	12968	517070
60	51.325556 , 35.753534	51.19847 , 35.745743	1	781	176445	13749	530819
61	51.19847 , 35.745743	51.1552198 , 35.75548434	0	522	183172	14271	530819
62	51.1552198 , 35.75548434	51.239497 , 35.683948	4	1030	199711	15301	592023
63	51.239497 , 35.683948	51.13715 , 35.499216	3	1527	231636	16828	642507
64	51.13715 , 35.499216	51.327848 , 35.673651	0	1684	265639	18512	642507
65	51.327848 , 35.673651	51.368755 , 35.655159	1	473	272116	18985	661492
66	51.368755 , 35.655159	51.396231 , 35.677765	0	433	277255	19418	661492
67	51.396231 , 35.677765	51.406652 , 35.694509	0	289	279939	19707	661492
68	51.406652 , 35.694509	51.438101 , 35.689133	0	338	283723	20045	661492
69	51.438101 , 35.689133	51.456504 , 35.707471	0	379	288384	20424	661492
70	51.456504 , 35.707471	51.433813 , 35.706724	5	320	292206	20744	765212
71	51.433813 , 35.706724	51.430964 , 35.712937	1	110	293640	20854	786066
72	51.430964 , 35.712937	51.437812 , 35.72162	0	117	295138	20971	786066
73	51.437812 , 35.72162	51.439367 , 35.72034	0	66	295650	21037	786066
74	51.439367 , 35.72034	51.441678 , 35.718802	0	85	296595	21122	786066
75	51.441678 , 35.718802	51.450682 , 35.726601	2	129	298277	21251	828568
76	51.450682 , 35.726601	51.44712 , 35.740996	0	162	300393	21413	828568
77	51.44712 , 35.740996	51.451296 , 35.738011	1	107	301311	21520	850088
78	51.451296 , 35.738011	51.487524 , 35.736412	0	253	305232	21773	850088
79	51.487524 , 35.736412	51.50151 , 35.728842	0	142	307275	21915	850088
80	51.50151 , 35.728842	51.490513 , 35.714746	0	227	310159	22142	850088
81	51.490513 , 35.714746	51.480182 , 35.713094	0	118	311643	22260	850088
82	51.480182 , 35.713094	51.47939 , 35.717933	0	56	312373	22316	850088
83	51.47939 , 35.717933	51.476024 , 35.697234	1	389	316385	22705	872793
84	51.476024 , 35.697234	51.577972 , 35.736444	0	990	331654	23695	872793