#	From	To	Loyalty	Duration	Distance	Waiting	Weighted Duration
0	51.577972 , 35.736444	51.538504 , 35.728747	0	405	5402	405	0
1	51.538504 , 35.728747	51.539246 , 35.733238	1	77	6135	482	482
2	51.539246 , 35.733238	51.533159 , 35.731544	0	169	7624	651	482
3	51.533159 , 35.731544	51.524646 , 35.734191	0	147	9084	798	482
4	51.524646 , 35.734191	51.526628 , 35.726931	1	148	10531	946	1428
5	51.526628 , 35.726931	51.527654 , 35.726754	3	13	10625	959	4305
6	51.527654 , 35.726754	51.50151 , 35.728842	0	328	14549	1287	4305
7	51.50151 , 35.728842	51.490513 , 35.714746	2	227	17433	1514	7333
8	51.490513 , 35.714746	51.480182 , 35.713094	2	118	18917	1632	10597
9	51.480182 , 35.713094	51.47939 , 35.717933	0	56	19647	1688	10597
10	51.47939 , 35.717933	51.487524 , 35.736412	0	304	23644	1992	10597
11	51.487524 , 35.736412	51.476116 , 35.747813	0	254	26715	2246	10597
12	51.476116 , 35.747813	51.466913 , 35.753395	3	156	28356	2402	17803
13	51.466913 , 35.753395	51.441275 , 35.75599	0	391	32618	2793	17803
14	51.441275 , 35.75599	51.437737 , 35.755575	0	57	33022	2850	17803
15	51.437737 , 35.755575	51.370599 , 35.777695	3	666	43674	3516	28351
16	51.370599 , 35.777695	51.354626 , 35.780645	1	178	45689	3694	32045
17	51.354626 , 35.780645	51.350532 , 35.782852	1	70	46192	3764	35809
18	51.350532 , 35.782852	51.357108 , 35.785532	0	132	47343	3896	35809
19	51.357108 , 35.785532	51.36277 , 35.789732	0	95	48166	3991	35809
20	51.36277 , 35.789732	51.347676 , 35.77597	0	223	50912	4214	35809
21	51.347676 , 35.77597	51.330354 , 35.771714	1	244	53853	4458	40267
22	51.330354 , 35.771714	51.333944 , 35.772857	1	70	54562	4528	44795
23	51.333944 , 35.772857	51.334712 , 35.765356	0	118	56076	4646	44795
24	51.334712 , 35.765356	51.340934 , 35.760505	4	106	57475	4752	63803
25	51.340934 , 35.760505	51.336943 , 35.755356	4	90	58358	4842	83171
26	51.336943 , 35.755356	51.32548 , 35.754124	0	225	61025	5067	83171
27	51.32548 , 35.754124	51.325556 , 35.753534	2	134	62387	5201	93573
28	51.325556 , 35.753534	51.307325 , 35.750992	0	283	66325	5484	93573
29	51.307325 , 35.750992	51.319205 , 35.755647	0	197	68869	5681	93573
30	51.319205 , 35.755647	51.325326 , 35.766994	0	222	71671	5903	93573
31	51.325326 , 35.766994	51.303349 , 35.77051	0	356	76256	6259	93573
32	51.303349 , 35.77051	51.293393 , 35.767507	0	168	78561	6427	93573
33	51.293393 , 35.767507	51.290025 , 35.762977	0	62	79384	6489	93573
34	51.290025 , 35.762977	51.286657 , 35.770467	2	164	81140	6653	106879
35	51.286657 , 35.770467	51.309695 , 35.768037	0	444	86824	7097	106879
36	51.309695 , 35.768037	51.310464 , 35.776412	0	145	88417	7242	106879
37	51.310464 , 35.776412	51.33158 , 35.779266	1	244	91254	7486	114365
38	51.33158 , 35.779266	51.327858 , 35.73018	1	447	98140	7933	122298
39	51.327858 , 35.73018	51.378564 , 35.7334	0	446	104904	8379	122298
40	51.378564 , 35.7334	51.36373 , 35.73619	1	258	108369	8637	130935
41	51.36373 , 35.73619	51.35682 , 35.732035	0	132	109880	8769	130935
42	51.35682 , 35.732035	51.345491 , 35.719055	0	245	112780	9014	130935
43	51.345491 , 35.719055	51.347695 , 35.706162	0	232	115185	9246	130935
44	51.347695 , 35.706162	51.350331 , 35.69806	0	249	118640	9495	130935
45	51.350331 , 35.69806	51.360451 , 35.704243	0	192	120952	9687	130935
46	51.360451 , 35.704243	51.366826 , 35.705525	3	99	121912	9786	160293
47	51.366826 , 35.705525	51.372113 , 35.703323	3	87	122880	9873	189912
48	51.372113 , 35.703323	51.373822 , 35.695504	1	183	124966	10056	199968
49	51.373822 , 35.695504	51.407231 , 35.711775	3	372	129709	10428	231252
50	51.407231 , 35.711775	51.40217 , 35.712551	0	69	130369	10497	231252
51	51.40217 , 35.712551	51.404736 , 35.714996	0	123	131269	10620	231252
52	51.404736 , 35.714996	51.404093 , 35.730278	0	210	133616	10830	231252
53	51.404093 , 35.730278	51.399005 , 35.728778	2	93	134274	10923	253098
54	51.399005 , 35.728778	51.403173 , 35.739582	2	180	136276	11103	275304
55	51.403173 , 35.739582	51.414134 , 35.746897	0	238	138997	11341	275304
56	51.414134 , 35.746897	51.415238 , 35.732931	1	184	141234	11525	286829
57	51.415238 , 35.732931	51.40876 , 35.740709	2	212	143327	11737	310303
58	51.40876 , 35.740709	51.408392 , 35.742002	0	26	143512	11763	310303
59	51.408392 , 35.742002	51.409431 , 35.747322	0	53	144162	11816	310303
60	51.409431 , 35.747322	51.40945 , 35.75378	6	88	145102	11904	381727
61	51.40945 , 35.75378	51.398027 , 35.744293	0	240	148325	12144	381727
62	51.398027 , 35.744293	51.577972 , 35.736444	0	1233	170471	13377	381727
#	From	To	Loyalty	Duration	Distance	Waiting	Weighted Duration
0	51.577972 , 35.736444	51.529733 , 35.742118	2	542	6365	542	1084
1	51.529733 , 35.742118	51.528211 , 35.73681	0	160	7798	702	1084
2	51.528211 , 35.73681	51.534651 , 35.739439	0	171	9589	873	1084
3	51.534651 , 35.739439	51.538424 , 35.744476	0	121	10441	994	1084
4	51.538424 , 35.744476	51.54195 , 35.746739	1	82	11025	1076	2160
5	51.54195 , 35.746739	51.546016 , 35.757476	0	170	12958	1246	2160
6	51.546016 , 35.757476	51.535408 , 35.755464	0	173	14614	1419	2160
7	51.535408 , 35.755464	51.513622 , 35.758351	0	250	17941	1669	2160
8	51.513622 , 35.758351	51.505124 , 35.790406	0	425	22827	2094	2160
9	51.505124 , 35.790406	51.502864 , 35.794437	0	128	24101	2222	2160
10	51.502864 , 35.794437	51.489069 , 35.793069	0	200	26091	2422	2160
11	51.489069 , 35.793069	51.484051 , 35.793955	2	81	26918	2503	7166
12	51.484051 , 35.793955	51.478003 , 35.803628	5	169	29141	2672	20526
13	51.478003 , 35.803628	51.474312 , 35.803187	3	75	29876	2747	28767
14	51.474312 , 35.803187	51.47027 , 35.803724	0	157	31227	2904	28767
15	51.47027 , 35.803724	51.459874 , 35.80308	2	129	32667	3033	34833
16	51.459874 , 35.80308	51.451557 , 35.801258	4	106	33795	3139	47389
17	51.451557 , 35.801258	51.448825 , 35.802199	5	35	34147	3174	63259
18	51.448825 , 35.802199	51.43528 , 35.800332	3	126	35790	3300	73159
19	51.43528 , 35.800332	51.41272 , 35.813175	2	310	39059	3610	80379
20	51.41272 , 35.813175	51.415138 , 35.797297	2	254	41699	3864	88107
21	51.415138 , 35.797297	51.432062 , 35.80932	5	303	45046	4167	108942
22	51.432062 , 35.80932	51.439331 , 35.807402	3	106	46283	4273	121761
23	51.439331 , 35.807402	51.463078 , 35.81611	6	270	49566	4543	149019
24	51.463078 , 35.81611	51.454606 , 35.812902	6	190	51310	4733	177417
25	51.454606 , 35.812902	51.453581 , 35.805576	6	172	52746	4905	206847
26	51.453581 , 35.805576	51.469084 , 35.795207	1	234	55030	5139	211986
27	51.469084 , 35.795207	51.478702 , 35.798676	1	186	56538	5325	217311
28	51.478702 , 35.798676	51.480682 , 35.809168	2	162	58394	5487	228285
29	51.480682 , 35.809168	51.489797 , 35.813643	1	183	60367	5670	233955
30	51.489797 , 35.813643	51.510871 , 35.810049	0	481	64397	6151	233955
31	51.510871 , 35.810049	51.510908 , 35.808094	2	45	64716	6196	246347
32	51.510908 , 35.808094	51.48055 , 35.768401	0	533	71329	6729	246347
33	51.48055 , 35.768401	51.48105 , 35.761324	0	95	72423	6824	246347
34	51.48105 , 35.761324	51.480214 , 35.757241	0	72	73215	6896	246347
35	51.480214 , 35.757241	51.474214 , 35.755564	5	124	74333	7020	281447
36	51.474214 , 35.755564	51.465043 , 35.741534	0	192	76714	7212	281447
37	51.465043 , 35.741534	51.456882 , 35.745725	0	144	77814	7356	281447
38	51.456882 , 35.745725	51.451296 , 35.738011	2	258	79975	7614	296675
39	51.451296 , 35.738011	51.450682 , 35.726601	0	250	82401	7864	296675
40	51.450682 , 35.726601	51.456504 , 35.707471	1	293	85986	8157	304832
41	51.456504 , 35.707471	51.430964 , 35.712937	2	326	89998	8483	321798
42	51.430964 , 35.712937	51.426221 , 35.712934	1	95	90788	8578	330376
43	51.426221 , 35.712934	51.433813 , 35.706724	4	162	92840	8740	365336
44	51.433813 , 35.706724	51.441678 , 35.718802	1	173	94983	8913	374249
45	51.441678 , 35.718802	51.439367 , 35.72034	0	87	95735	9000	374249
46	51.439367 , 35.72034	51.437812 , 35.72162	2	34	96047	9034	392317
47	51.437812 , 35.72162	51.432626 , 35.72219	0	104	96998	9138	392317
48	51.432626 , 35.72219	51.430035 , 35.734472	0	138	98686	9276	392317
49	51.430035 , 35.734472	51.44712 , 35.740996	0	158	100721	9434	392317
50	51.44712 , 35.740996	51.447995 , 35.743753	3	31	101095	9465	420712
51	51.447995 , 35.743753	51.448678 , 35.747329	2	75	101829	9540	439792
52	51.448678 , 35.747329	51.450499 , 35.74713	0	87	102514	9627	439792
53	51.450499 , 35.74713	51.357229 , 35.766735	9	617	113236	10244	531988
54	51.357229 , 35.766735	51.348787 , 35.768859	6	128	114604	10372	594220
55	51.348787 , 35.768859	51.349836 , 35.766543	0	70	115194	10442	594220
56	51.349836 , 35.766543	51.350603 , 35.767359	1	16	115352	10458	604678
57	51.350603 , 35.767359	51.344504 , 35.769788	1	131	116889	10589	615267
58	51.344504 , 35.769788	51.19847 , 35.745743	0	953	134701	11542	615267
59	51.19847 , 35.745743	51.1552198 , 35.75548434	0	522	141428	12064	615267
60	51.1552198 , 35.75548434	51.13715 , 35.499216	1	2206	187132	14270	629537
61	51.13715 , 35.499216	51.239497 , 35.683948	1	1491	218702	15761	645298
62	51.239497 , 35.683948	51.322372 , 35.711966	4	736	231677	16497	711286
63	51.322372 , 35.711966	51.321094 , 35.702889	2	434	236151	16931	745148
64	51.321094 , 35.702889	51.320835 , 35.702311	2	23	236315	16954	779056
65	51.320835 , 35.702311	51.304457 , 35.705402	0	420	240465	17374	779056
66	51.304457 , 35.705402	51.306979 , 35.707533	0	74	241118	17448	779056
67	51.306979 , 35.707533	51.306981 , 35.705829	0	27	241306	17475	779056
68	51.306981 , 35.705829	51.327848 , 35.673651	0	503	248969	17978	779056
69	51.327848 , 35.673651	51.368755 , 35.655159	2	473	255446	18451	815958
70	51.368755 , 35.655159	51.396231 , 35.677765	1	433	260585	18884	834842
71	51.396231 , 35.677765	51.406652 , 35.694509	0	289	263269	19173	834842
72	51.406652 , 35.694509	51.438101 , 35.689133	1	338	267053	19511	854353
73	51.438101 , 35.689133	51.476024 , 35.697234	2	385	271875	19896	894145
74	51.476024 , 35.697234	51.577972 , 35.736444	0	990	287144	20886	894145