#	From	To	Loyalty	Duration	Distance	Waiting	Weighted Duration
0	51.577972 , 35.736444	51.471495 , 35.768366	4	735	13190	735	2940
1	51.471495 , 35.768366	51.468112 , 35.770529	0	71	13857	806	2940
2	51.468112 , 35.770529	51.469338 , 35.786755	0	228	16378	1034	2940
3	51.469338 , 35.786755	51.478702 , 35.798676	1	206	18356	1240	4180
4	51.478702 , 35.798676	51.480682 , 35.809168	2	162	20212	1402	6984
5	51.480682 , 35.809168	51.489797 , 35.813643	1	183	22185	1585	8569
6	51.489797 , 35.813643	51.510871 , 35.810049	0	481	26215	2066	8569
7	51.510871 , 35.810049	51.510908 , 35.808094	2	45	26534	2111	12791
8	51.510908 , 35.808094	51.505124 , 35.790406	0	338	29935	2449	12791
9	51.505124 , 35.790406	51.502864 , 35.794437	0	128	31209	2577	12791
10	51.502864 , 35.794437	51.489069 , 35.793069	0	200	33199	2777	12791
11	51.489069 , 35.793069	51.484051 , 35.793955	2	81	34026	2858	18507
12	51.484051 , 35.793955	51.478003 , 35.803628	5	169	36249	3027	33642
13	51.478003 , 35.803628	51.474312 , 35.803187	3	75	36984	3102	42948
14	51.474312 , 35.803187	51.47027 , 35.803724	0	157	38335	3259	42948
15	51.47027 , 35.803724	51.459874 , 35.80308	2	129	39775	3388	49724
16	51.459874 , 35.80308	51.451557 , 35.801258	4	106	40903	3494	63700
17	51.451557 , 35.801258	51.448825 , 35.802199	5	35	41255	3529	81345
18	51.448825 , 35.802199	51.43528 , 35.800332	3	126	42898	3655	92310
19	51.43528 , 35.800332	51.432062 , 35.80932	5	150	44505	3805	111335
20	51.432062 , 35.80932	51.439331 , 35.807402	3	106	45742	3911	123068
21	51.439331 , 35.807402	51.463078 , 35.81611	6	270	49025	4181	148154
22	51.463078 , 35.81611	51.454606 , 35.812902	6	190	50769	4371	174380
23	51.454606 , 35.812902	51.453581 , 35.805576	6	172	52205	4543	201638
24	51.453581 , 35.805576	51.465878 , 35.793794	4	231	54477	4774	220734
25	51.465878 , 35.793794	51.469084 , 35.795207	1	72	54986	4846	225580
26	51.469084 , 35.795207	51.461585 , 35.782035	3	296	57206	5142	241006
27	51.461585 , 35.782035	51.459396 , 35.782627	2	62	57863	5204	251414
28	51.459396 , 35.782627	51.455916 , 35.781226	3	34	58295	5238	267128
29	51.455916 , 35.781226	51.457215 , 35.785367	3	74	58814	5312	283064
30	51.457215 , 35.785367	51.453165 , 35.785302	1	96	59622	5408	288472
31	51.453165 , 35.785302	51.45526 , 35.788977	5	103	60752	5511	316027
32	51.45526 , 35.788977	51.462981 , 35.792415	1	108	61888	5619	321646
33	51.462981 , 35.792415	51.463377 , 35.791701	4	11	61983	5630	344166
34	51.463377 , 35.791701	51.455169 , 35.794319	2	174	63758	5804	355774
35	51.455169 , 35.794319	51.445638 , 35.793066	4	170	65376	5974	379670
36	51.445638 , 35.793066	51.454143 , 35.792018	0	119	66510	6093	379670
37	51.454143 , 35.792018	51.453801 , 35.791717	1	37	66769	6130	385800
38	51.453801 , 35.791717	51.449505 , 35.789245	5	94	67439	6224	416920
39	51.449505 , 35.789245	51.444298 , 35.788061	6	145	69110	6369	455134
40	51.444298 , 35.788061	51.439515 , 35.789617	3	68	69759	6437	474445
41	51.439515 , 35.789617	51.433712 , 35.788084	1	268	71954	6705	481150
42	51.433712 , 35.788084	51.433537 , 35.790714	3	43	72275	6748	501394
43	51.433537 , 35.790714	51.432102 , 35.788606	5	38	72555	6786	535324
44	51.432102 , 35.788606	51.419433 , 35.786168	3	390	76675	7176	556852
45	51.419433 , 35.786168	51.41272 , 35.813175	2	398	80690	7574	572000
46	51.41272 , 35.813175	51.415138 , 35.797297	2	254	83330	7828	587656
47	51.415138 , 35.797297	51.444332 , 35.776952	7	406	89098	8234	645294
48	51.444332 , 35.776952	51.449968 , 35.77712	3	176	90899	8410	670524
49	51.449968 , 35.77712	51.448533 , 35.778263	2	57	91425	8467	687458
50	51.448533 , 35.778263	51.457272 , 35.775219	2	190	93202	8657	704772
51	51.457272 , 35.775219	51.463261 , 35.767745	1	269	95423	8926	713698
52	51.463261 , 35.767745	51.462493 , 35.766167	0	58	95913	8984	713698
53	51.462493 , 35.766167	51.469382 , 35.761095	3	133	97409	9117	741049
54	51.469382 , 35.761095	51.474214 , 35.755564	5	123	98569	9240	787249
55	51.474214 , 35.755564	51.476116 , 35.747813	0	152	100124	9392	787249
56	51.476116 , 35.747813	51.466913 , 35.753395	3	156	101765	9548	815893
57	51.466913 , 35.753395	51.465043 , 35.741534	0	133	103444	9681	815893
58	51.465043 , 35.741534	51.456882 , 35.745725	0	144	104544	9825	815893
59	51.456882 , 35.745725	51.451296 , 35.738011	2	258	106705	10083	836059
60	51.451296 , 35.738011	51.487524 , 35.736412	0	253	110626	10336	836059
61	51.487524 , 35.736412	51.50151 , 35.728842	0	142	112669	10478	836059
62	51.50151 , 35.728842	51.524646 , 35.734191	0	341	117617	10819	836059
63	51.524646 , 35.734191	51.528211 , 35.73681	0	211	119592	11030	836059
64	51.528211 , 35.73681	51.533159 , 35.731544	0	146	120774	11176	836059
65	51.533159 , 35.731544	51.539246 , 35.733238	1	120	121852	11296	847355
66	51.539246 , 35.733238	51.577972 , 35.736444	0	551	130426	11847	847355
#	From	To	Loyalty	Duration	Distance	Waiting	Weighted Duration
0	51.577972 , 35.736444	51.538504 , 35.728747	0	405	5402	405	0
1	51.538504 , 35.728747	51.526628 , 35.726931	1	138	7001	543	543
2	51.526628 , 35.726931	51.527654 , 35.726754	3	13	7095	556	2211
3	51.527654 , 35.726754	51.490513 , 35.714746	2	338	11216	894	3999
4	51.490513 , 35.714746	51.480182 , 35.713094	2	118	12700	1012	6023
5	51.480182 , 35.713094	51.47939 , 35.717933	0	56	13430	1068	6023
6	51.47939 , 35.717933	51.450682 , 35.726601	0	291	17139	1359	6023
7	51.450682 , 35.726601	51.441678 , 35.718802	1	182	19541	1541	7564
8	51.441678 , 35.718802	51.439367 , 35.72034	0	87	20293	1628	7564
9	51.439367 , 35.72034	51.437812 , 35.72162	2	34	20605	1662	10888
10	51.437812 , 35.72162	51.432626 , 35.72219	0	104	21556	1766	10888
11	51.432626 , 35.72219	51.430035 , 35.734472	0	138	23244	1904	10888
12	51.430035 , 35.734472	51.44712 , 35.740996	0	158	25279	2062	10888
13	51.44712 , 35.740996	51.447995 , 35.743753	3	31	25653	2093	17167
14	51.447995 , 35.743753	51.448678 , 35.747329	2	75	26387	2168	21503
15	51.448678 , 35.747329	51.450499 , 35.74713	0	87	27072	2255	21503
16	51.450499 , 35.74713	51.450135 , 35.758219	1	172	28859	2427	23930
17	51.450135 , 35.758219	51.45076 , 35.757628	0	91	29641	2518	23930
18	51.45076 , 35.757628	51.447418 , 35.758583	5	51	30289	2569	36775
19	51.447418 , 35.758583	51.441275 , 35.75599	0	155	31671	2724	36775
20	51.441275 , 35.75599	51.437737 , 35.755575	0	57	32075	2781	36775
21	51.437737 , 35.755575	51.437255 , 35.757848	2	45	32402	2826	42427
22	51.437255 , 35.757848	51.430245 , 35.760251	1	348	36176	3174	45601
23	51.430245 , 35.760251	51.577972 , 35.736444	0	1240	57552	4414	45601
#	From	To	Loyalty	Duration	Distance	Waiting	Weighted Duration
0	51.577972 , 35.736444	51.476024 , 35.697234	2	848	12949	848	1696
1	51.476024 , 35.697234	51.438101 , 35.689133	1	504	18247	1352	3048
2	51.438101 , 35.689133	51.406652 , 35.694509	0	441	23289	1793	3048
3	51.406652 , 35.694509	51.396231 , 35.677765	1	350	27225	2143	5191
4	51.396231 , 35.677765	51.368755 , 35.655159	2	385	31961	2528	10247
5	51.368755 , 35.655159	51.327848 , 35.673651	0	500	38591	3028	10247
6	51.327848 , 35.673651	51.13715 , 35.499216	1	1833	74397	4861	15108
7	51.13715 , 35.499216	51.239497 , 35.683948	1	1491	105967	6352	21460
8	51.239497 , 35.683948	51.1552198 , 35.75548434	0	891	122123	7243	21460
9	51.1552198 , 35.75548434	51.19847 , 35.745743	0	510	128875	7753	21460
10	51.19847 , 35.745743	51.307325 , 35.750992	0	624	140248	8377	21460
11	51.307325 , 35.750992	51.336943 , 35.755356	4	277	144085	8654	56076
12	51.336943 , 35.755356	51.340934 , 35.760505	4	98	145160	8752	91084
13	51.340934 , 35.760505	51.33158 , 35.779266	1	218	148404	8970	100054
14	51.33158 , 35.779266	51.330354 , 35.771714	1	153	150012	9123	109177
15	51.330354 , 35.771714	51.333944 , 35.772857	1	70	150721	9193	118370
16	51.333944 , 35.772857	51.334712 , 35.765356	0	118	152235	9311	118370
17	51.334712 , 35.765356	51.325326 , 35.766994	0	174	154224	9485	118370
18	51.325326 , 35.766994	51.319205 , 35.755647	0	189	156422	9674	118370
19	51.319205 , 35.755647	51.32548 , 35.754124	0	101	157330	9775	118370
20	51.32548 , 35.754124	51.325556 , 35.753534	2	134	158692	9909	138188
21	51.325556 , 35.753534	51.293393 , 35.767507	0	355	164453	10264	138188
22	51.293393 , 35.767507	51.290025 , 35.762977	0	62	165276	10326	138188
23	51.290025 , 35.762977	51.286657 , 35.770467	2	164	167032	10490	159168
24	51.286657 , 35.770467	51.309695 , 35.768037	0	444	172716	10934	159168
25	51.309695 , 35.768037	51.310464 , 35.776412	0	145	174309	11079	159168
26	51.310464 , 35.776412	51.303349 , 35.77051	0	151	175987	11230	159168
27	51.303349 , 35.77051	51.354626 , 35.780645	1	400	182959	11630	170798
28	51.354626 , 35.780645	51.350532 , 35.782852	1	70	183462	11700	182498
29	51.350532 , 35.782852	51.357108 , 35.785532	0	132	184613	11832	182498
30	51.357108 , 35.785532	51.36277 , 35.789732	0	95	185436	11927	182498
31	51.36277 , 35.789732	51.373014 , 35.79074	2	188	187319	12115	206728
32	51.373014 , 35.79074	51.375689 , 35.784791	3	88	188230	12203	243337
33	51.375689 , 35.784791	51.373895 , 35.785227	5	51	188689	12254	304607
34	51.373895 , 35.785227	51.372198 , 35.784498	4	126	190003	12380	354127
35	51.372198 , 35.784498	51.383247 , 35.782728	1	140	191448	12520	366647
36	51.383247 , 35.782728	51.378243 , 35.781552	1	166	192698	12686	379333
37	51.378243 , 35.781552	51.382184 , 35.781357	0	58	193149	12744	379333
38	51.382184 , 35.781357	51.385622 , 35.785371	0	83	193883	12827	379333
39	51.385622 , 35.785371	51.385364 , 35.789094	3	82	194574	12909	418060
40	51.385364 , 35.789094	51.384316 , 35.775888	5	230	196959	13139	483755
41	51.384316 , 35.775888	51.374575 , 35.76469	1	210	199468	13349	497104
42	51.374575 , 35.76469	51.372829 , 35.768886	4	203	201936	13552	551312
43	51.372829 , 35.768886	51.357229 , 35.766735	9	189	204230	13741	674981
44	51.357229 , 35.766735	51.348787 , 35.768859	6	128	205598	13869	758195
45	51.348787 , 35.768859	51.349836 , 35.766543	0	70	206188	13939	758195
46	51.349836 , 35.766543	51.350603 , 35.767359	1	16	206346	13955	772150
47	51.350603 , 35.767359	51.344504 , 35.769788	1	131	207883	14086	786236
48	51.344504 , 35.769788	51.347676 , 35.77597	0	239	211145	14325	786236
49	51.347676 , 35.77597	51.370599 , 35.777695	3	318	214979	14643	830165
50	51.370599 , 35.777695	51.372764 , 35.779221	4	93	215682	14736	889109
51	51.372764 , 35.779221	51.373749 , 35.779464	6	13	215775	14749	977603
52	51.373749 , 35.779464	51.392163 , 35.775089	0	273	219468	15022	977603
53	51.392163 , 35.775089	51.40945 , 35.75378	6	335	223858	15357	1069745
54	51.40945 , 35.75378	51.414134 , 35.746897	0	177	225792	15534	1069745
55	51.414134 , 35.746897	51.415238 , 35.732931	1	184	228029	15718	1085463
56	51.415238 , 35.732931	51.40876 , 35.740709	2	212	230122	15930	1117323
57	51.40876 , 35.740709	51.408392 , 35.742002	0	26	230307	15956	1117323
58	51.408392 , 35.742002	51.409431 , 35.747322	0	53	230957	16009	1117323
59	51.409431 , 35.747322	51.577972 , 35.736444	0	1104	251262	17113	1117323
#	From	To	Loyalty	Duration	Distance	Waiting	Weighted Duration
0	51.577972 , 35.736444	51.535408 , 35.755464	0	410	5874	410	0
1	51.535408 , 35.755464	51.546016 , 35.757476	0	208	7958	618	0
2	51.546016 , 35.757476	51.54195 , 35.746739	1	216	10496	834	834
3	51.54195 , 35.746739	51.538424 , 35.744476	0	82	11080	916	834
4	51.538424 , 35.744476	51.534651 , 35.739439	0	149	12325	1065	834
5	51.534651 , 35.739439	51.529733 , 35.742118	2	161	13680	1226	3286
6	51.529733 , 35.742118	51.513622 , 35.758351	0	275	17725	1501	3286
7	51.513622 , 35.758351	51.456504 , 35.707471	1	726	29216	2227	5513
8	51.456504 , 35.707471	51.433813 , 35.706724	4	320	33038	2547	15701
9	51.433813 , 35.706724	51.430964 , 35.712937	2	110	34472	2657	21015
10	51.430964 , 35.712937	51.426221 , 35.712934	1	95	35262	2752	23767
11	51.426221 , 35.712934	51.407231 , 35.711775	3	250	37827	3002	32773
12	51.407231 , 35.711775	51.40217 , 35.712551	0	69	38487	3071	32773
13	51.40217 , 35.712551	51.404736 , 35.714996	0	123	39387	3194	32773
14	51.404736 , 35.714996	51.404093 , 35.730278	0	210	41734	3404	32773
15	51.404093 , 35.730278	51.399005 , 35.728778	2	93	42392	3497	39767
16	51.399005 , 35.728778	51.403173 , 35.739582	2	180	44394	3677	47121
17	51.403173 , 35.739582	51.398027 , 35.744293	0	235	47699	3912	47121
18	51.398027 , 35.744293	51.36373 , 35.73619	1	351	53168	4263	51384
19	51.36373 , 35.73619	51.35682 , 35.732035	0	132	54679	4395	51384
20	51.35682 , 35.732035	51.345491 , 35.719055	0	245	57579	4640	51384
21	51.345491 , 35.719055	51.350331 , 35.69806	0	363	62904	5003	51384
22	51.350331 , 35.69806	51.373822 , 35.695504	1	252	65472	5255	56639
23	51.373822 , 35.695504	51.372113 , 35.703323	3	122	66792	5377	72770
24	51.372113 , 35.703323	51.366826 , 35.705525	3	69	67542	5446	89108
25	51.366826 , 35.705525	51.360451 , 35.704243	0	89	68576	5535	89108
26	51.360451 , 35.704243	51.347695 , 35.706162	0	213	71269	5748	89108
27	51.347695 , 35.706162	51.321094 , 35.702889	2	342	75342	6090	101288
28	51.321094 , 35.702889	51.320835 , 35.702311	2	23	75506	6113	113514
29	51.320835 , 35.702311	51.304457 , 35.705402	0	420	79656	6533	113514
30	51.304457 , 35.705402	51.306979 , 35.707533	0	74	80309	6607	113514
31	51.306979 , 35.707533	51.306981 , 35.705829	0	27	80497	6634	113514
32	51.306981 , 35.705829	51.322372 , 35.711966	4	410	86356	7044	141690
33	51.322372 , 35.711966	51.327858 , 35.73018	1	380	91514	7424	149114
34	51.327858 , 35.73018	51.378564 , 35.7334	0	446	98278	7870	149114
35	51.378564 , 35.7334	51.398038 , 35.758761	2	352	103209	8222	165558
36	51.398038 , 35.758761	51.39974 , 35.760902	2	181	105030	8403	182364
37	51.39974 , 35.760902	51.394006 , 35.760496	3	104	105960	8507	207885
38	51.394006 , 35.760496	51.403811 , 35.762564	0	211	108158	8718	207885
39	51.403811 , 35.762564	51.405376 , 35.760114	4	54	108678	8772	242973
40	51.405376 , 35.760114	51.412376 , 35.766304	1	159	110867	8931	251904
41	51.412376 , 35.766304	51.414404 , 35.774684	7	96	112087	9027	315093
42	51.414404 , 35.774684	51.417015 , 35.775168	5	81	112697	9108	360633
43	51.417015 , 35.775168	51.417823 , 35.773397	4	73	113208	9181	397357
44	51.417823 , 35.773397	51.420926 , 35.771056	0	73	113885	9254	397357
45	51.420926 , 35.771056	51.422689 , 35.771883	3	35	114187	9289	425224
46	51.422689 , 35.771883	51.423072 , 35.771889	2	4	114221	9293	443810
47	51.423072 , 35.771889	51.423168 , 35.774499	4	72	114857	9365	481270
48	51.423168 , 35.774499	51.423987 , 35.775379	2	58	115317	9423	500116
49	51.423987 , 35.775379	51.419493 , 35.766656	4	195	117636	9618	538588
50	51.419493 , 35.766656	51.421751 , 35.768631	4	55	118236	9673	577280
51	51.421751 , 35.768631	51.427813 , 35.769572	0	107	119282	9780	577280
52	51.427813 , 35.769572	51.425174 , 35.766281	5	96	119990	9876	626660
53	51.425174 , 35.766281	51.431846 , 35.767174	3	95	120739	9971	656573
54	51.431846 , 35.767174	51.429012 , 35.76153	5	98	121802	10069	706918
55	51.429012 , 35.76153	51.437678 , 35.761473	0	130	122711	10199	706918
56	51.437678 , 35.761473	51.442999 , 35.766001	5	129	123802	10328	758558
57	51.442999 , 35.766001	51.446537 , 35.757803	6	125	125385	10453	821276
58	51.446537 , 35.757803	51.47061 , 35.762892	1	322	129121	10775	832051
59	51.47061 , 35.762892	51.48055 , 35.768401	0	176	130715	10951	832051
60	51.48055 , 35.768401	51.48105 , 35.761324	0	95	131809	11046	832051
61	51.48105 , 35.761324	51.480214 , 35.757241	0	72	132601	11118	832051
62	51.480214 , 35.757241	51.577972 , 35.736444	0	779	145801	11897	832051